# 160201 2014 pa2 instant
# pivot_ell = 1400
# norm_ell = 0
# solid angle = 180.06 nsr
0.000000  1.00000e+00
0.001042  9.94098e-01
0.002083  9.76574e-01
0.003125  9.47969e-01
0.004167  9.09153e-01
0.005208  8.61294e-01
0.006250  8.05799e-01
0.007292  7.44261e-01
0.008333  6.78384e-01
0.009375  6.09917e-01
0.010417  5.40584e-01
0.011458  4.72020e-01
0.012500  4.05709e-01
0.013542  3.42942e-01
0.014583  2.84778e-01
0.015625  2.32019e-01
0.016667  1.85206e-01
0.017708  1.44617e-01
0.018750  1.10285e-01
0.019792  8.20263e-02
0.020833  5.94673e-02
0.021875  4.20895e-02
0.022917  2.92687e-02
0.023958  2.03179e-02
0.025000  1.45279e-02
0.026042  1.12028e-02
0.027083  9.69147e-03
0.028125  9.41105e-03
0.029167  9.86400e-03
0.030208  1.06474e-02
0.031250  1.14555e-02
0.032292  1.20764e-02
0.033333  1.23833e-02
0.034375  1.23227e-02
0.035417  1.18992e-02
0.036458  1.11607e-02
0.037500  1.01824e-02
0.038542  9.05314e-03
0.039583  7.86313e-03
0.040625  6.69445e-03
0.041667  5.61436e-03
0.042708  4.67142e-03
0.043750  3.89412e-03
0.044792  3.29183e-03
0.045833  2.85736e-03
0.046875  2.57066e-03
0.047917  2.40319e-03
0.048958  2.32219e-03
0.050000  2.29475e-03
0.051042  2.29101e-03
0.052083  2.28662e-03
0.053125  2.26406e-03
0.054167  2.21312e-03
0.055208  2.13048e-03
0.056250  2.01865e-03
0.057292  1.88445e-03
0.058333  1.73730e-03
0.059375  1.58755e-03
0.060417  1.44496e-03
0.061458  1.31751e-03
0.062500  1.21065e-03
0.063542  1.12696e-03
0.064583  1.06618e-03
0.065625  1.02567e-03
0.066667  1.00096e-03
0.067708  9.86605e-04
0.068750  9.76910e-04
0.069792  9.66673e-04
0.070833  9.51744e-04
0.071875  9.29388e-04
0.072917  8.98440e-04
0.073958  8.59238e-04
0.075000  8.13393e-04
0.076042  7.63422e-04
0.077083  7.12315e-04
0.078125  6.63098e-04
0.079167  6.18429e-04
0.080208  5.80297e-04
0.081250  5.49828e-04
0.082292  5.27219e-04
0.083333  5.11797e-04
0.084375  5.02180e-04
0.085417  4.96508e-04
0.086458  4.92715e-04
0.087500  4.88800e-04
0.088542  4.83064e-04
0.089583  4.74291e-04
0.090625  4.61849e-04
0.091667  4.45717e-04
0.092708  4.26429e-04
0.093750  4.04952e-04
0.094792  3.82530e-04
0.095833  3.60496e-04
0.096875  3.40099e-04
0.097917  3.22346e-04
0.098958  3.07895e-04
0.100000  2.96993e-04
0.101042  2.89478e-04
0.102083  2.84822e-04
0.103125  2.82227e-04
0.104167  2.80738e-04
0.105208  2.79375e-04
0.106250  2.77252e-04
0.107292  2.73683e-04
0.108333  2.68247e-04
0.109375  2.60827e-04
0.110417  2.51597e-04
0.111458  2.40981e-04
0.112500  2.29582e-04
0.113542  2.18093e-04
0.114583  2.07203e-04
0.115625  1.97509e-04
0.116667  1.89449e-04
0.117708  1.83251e-04
0.118750  1.78920e-04
0.119792  1.76249e-04
0.120833  1.74857e-04
0.121875  1.74245e-04
0.122917  1.73866e-04
0.123958  1.73194e-04
0.125000  1.71789e-04
0.126042  1.69346e-04
0.127083  1.65724e-04
0.128125  1.60955e-04
0.129167  1.55229e-04
0.130208  1.48860e-04
0.131250  1.42243e-04
0.132292  1.35793e-04
0.133333  1.29900e-04
0.134375  1.24873e-04
0.135417  1.20912e-04
0.136458  1.18083e-04
0.137500  1.16318e-04
0.138542  1.15430e-04
0.139583  1.15143e-04
0.140625  1.15128e-04
0.141667  1.15048e-04
0.142708  1.14601e-04
0.143750  1.13553e-04
0.144792  1.11766e-04
0.145833  1.09210e-04
0.146875  1.05960e-04
0.147917  1.02183e-04
0.148958  9.81126e-05
0.150000  9.40146e-05
0.151042  9.01547e-05
0.152083  8.67633e-05
0.153125  8.40086e-05
0.154167  8.19784e-05
0.155208  8.06719e-05
0.156250  8.00037e-05
0.157292  7.98181e-05
0.158333  7.99109e-05
0.159375  8.00572e-05
0.160417  8.00399e-05
0.161458  7.96763e-05
0.162500  7.88394e-05
0.163542  7.74714e-05
0.164583  7.55877e-05
0.165625  7.32722e-05
0.166667  7.06638e-05
0.167708  6.79366e-05
0.168750  6.52770e-05
0.169792  6.28595e-05
0.170833  6.08257e-05
0.171875  5.92674e-05
0.172917  5.82171e-05
0.173958  5.76460e-05
0.175000  5.74700e-05
0.176042  5.75619e-05
0.177083  5.77687e-05
0.178125  5.79320e-05
0.179167  5.79074e-05
0.180208  5.75818e-05
0.181250  5.68868e-05
0.182292  5.58053e-05
0.183333  5.43714e-05
0.184375  5.26650e-05
0.185417  5.07995e-05
0.186458  4.89068e-05
0.187500  4.71200e-05
0.188542  4.55569e-05
0.189583  4.43057e-05
0.190625  4.34148e-05
0.191667  4.28882e-05
0.192708  4.26864e-05
0.193750  4.27327e-05
0.194792  4.29239e-05
0.195833  4.31439e-05
0.196875  4.32785e-05
0.197917  4.32299e-05
0.198958  4.29276e-05
0.200000  4.23369e-05
0.201042  4.14618e-05
0.202083  4.03430e-05
0.203125  3.90523e-05
0.204167  3.76819e-05
0.205208  3.63329e-05
0.206250  3.51020e-05
0.207292  3.40697e-05
0.208333  3.32908e-05
0.209375  3.27882e-05
0.210417  3.25511e-05
0.211458  3.25372e-05
0.212500  3.26789e-05
0.213542  3.28924e-05
0.214583  3.30884e-05
0.215625  3.31839e-05
0.216667  3.31115e-05
0.217708  3.28279e-05
0.218750  3.23184e-05
0.219792  3.15980e-05
0.220833  3.07083e-05
0.221875  2.97121e-05
0.222917  2.86846e-05
0.223958  2.77037e-05
0.225000  2.68406e-05
0.226042  2.61505e-05
0.227083  2.56669e-05
0.228125  2.53971e-05
0.229167  2.53229e-05
0.230208  2.54029e-05
0.231250  2.55783e-05
0.232292  2.57810e-05
0.233333  2.59420e-05
0.234375  2.59999e-05
0.235417  2.59086e-05
0.236458  2.56424e-05
0.237500  2.51988e-05
0.238542  2.45979e-05
0.239583  2.38798e-05
0.240625  2.30988e-05
0.241667  2.23160e-05
0.242708  2.15924e-05
0.243750  2.09802e-05
0.244792  2.05175e-05
0.245833  2.02234e-05
0.246875  2.00959e-05
0.247917  2.01133e-05
0.248958  2.02368e-05
0.250000  2.04158e-05
0.251042  2.05948e-05
0.252083  2.07199e-05
0.253125  2.07458e-05
0.254167  2.06412e-05
0.255208  2.03920e-05
0.256250  2.00030e-05
0.257292  1.94969e-05
0.258333  1.89105e-05
0.259375  1.82906e-05
0.260417  1.76873e-05
0.261458  1.71479e-05
0.262500  1.67114e-05
0.263542  1.64033e-05
0.264583  1.62331e-05
0.265625  1.61933e-05
0.266667  1.62610e-05
0.267708  1.64006e-05
0.268750  1.65688e-05
0.269792  1.67202e-05
0.270833  1.68127e-05
0.271875  1.68128e-05
0.272917  1.66997e-05
0.273958  1.64672e-05
0.275000  1.61246e-05
0.276042  1.56949e-05
0.277083  1.52118e-05
0.278125  1.47151e-05
0.279167  1.42461e-05
0.280208  1.38417e-05
0.281250  1.35305e-05
0.282292  1.33293e-05
0.283333  1.32412e-05
0.284375  1.32554e-05
0.285417  1.33489e-05
0.286458  1.34896e-05
0.287500  1.36407e-05
0.288542  1.37649e-05
0.289583  1.38292e-05
0.290625  1.38092e-05
0.291667  1.36915e-05
0.292708  1.34753e-05
0.293750  1.31725e-05
0.294792  1.28055e-05
0.295833  1.24047e-05
0.296875  1.20041e-05
0.297917  1.16373e-05
0.298958  1.13334e-05
0.300000  1.11132e-05
0.301042  1.09870e-05
0.302083  1.09536e-05
0.303125  1.10002e-05
0.304167  1.11048e-05
0.305208  1.12388e-05
0.306250  1.13706e-05
0.307292  1.14697e-05
0.308333  1.15105e-05
0.309375  1.14751e-05
0.310417  1.13558e-05
0.311458  1.11554e-05
0.312500  1.08872e-05
0.313542  1.05724e-05
0.314583  1.02380e-05
0.315625  9.91328e-06
0.316667  9.62559e-06
0.317708  9.39760e-06
0.318750  9.24424e-06
0.319792  9.17113e-06
0.320833  9.17396e-06
0.321875  9.23927e-06
0.322917  9.34624e-06
0.323958  9.46941e-06
0.325000  9.58191e-06
0.326042  9.65880e-06
0.327083  9.68016e-06
0.328125  9.63341e-06
0.329167  9.51478e-06
0.330208  9.32961e-06
0.331250  9.09151e-06
0.332292  8.82056e-06
0.333333  8.54068e-06
0.334375  8.27661e-06
0.335417  8.05085e-06
0.336458  7.88089e-06
0.337500  7.77711e-06
0.338542  7.74166e-06
0.339583  7.76831e-06
0.340625  7.84335e-06
0.341667  7.94741e-06
0.342708  8.05799e-06
0.343750  8.15225e-06
0.344792  8.20985e-06
0.345833  8.21546e-06
0.346875  8.16053e-06
0.347917  8.04425e-06
0.348958  7.87353e-06
0.350000  7.66201e-06
0.351042  7.42826e-06
0.352083  7.19339e-06
0.353125  6.97841e-06
0.354167  6.80164e-06
0.355208  6.67643e-06
0.356250  6.60967e-06
0.357292  6.60095e-06
0.358333  6.64281e-06
0.359375  6.72172e-06
0.360417  6.81984e-06
0.361458  6.91736e-06
0.362500  6.99491e-06
0.363542  7.03600e-06
0.364583  7.02898e-06
0.365625  6.96842e-06
0.366667  6.85569e-06
0.367708  6.69866e-06
0.368750  6.51067e-06
0.369792  6.30872e-06
0.370833  6.11139e-06
0.371875  5.93647e-06
0.372917  5.79877e-06
0.373958  5.70834e-06
0.375000  5.66930e-06
0.376042  5.67943e-06
0.377083  5.73052e-06
0.378125  5.80946e-06
0.379167  5.90000e-06
0.380208  5.98472e-06
0.381250  6.04729e-06
0.382292  6.07438e-06
0.383333  6.05735e-06
0.384375  5.99320e-06
0.385417  5.88486e-06
0.386458  5.74075e-06
0.387500  5.57366e-06
0.388542  5.39909e-06
0.389583  5.23331e-06
0.390625  5.09131e-06
0.391667  4.98499e-06
0.392708  4.92170e-06
0.393750  4.90345e-06
0.394792  4.92667e-06
0.395833  4.98278e-06
0.396875  5.05931e-06
0.397917  5.14148e-06
0.398958  5.21408e-06
0.400000  5.26336e-06
0.401042  5.27869e-06
0.402083  5.25385e-06
0.403125  5.18771e-06
0.404167  5.08433e-06
0.405208  4.95236e-06
0.406250  4.80393e-06
0.407292  4.65306e-06
0.408333  4.51395e-06
0.409375  4.39917e-06
0.410417  4.31818e-06
0.411458  4.27616e-06
0.412500  4.27343e-06
0.413542  4.30551e-06
0.414583  4.36370e-06
0.415625  4.43626e-06
0.416667  4.50983e-06
0.417708  4.57119e-06
0.418750  4.60881e-06
0.419792  4.61433e-06
0.420833  4.58350e-06
0.421875  4.51663e-06
0.422917  4.41858e-06
0.423958  4.29800e-06
0.425000  4.16626e-06
0.426042  4.03600e-06
0.427083  3.91955e-06
0.428125  3.82741e-06
0.429167  3.76695e-06
0.430208  3.74158e-06
0.431250  3.75036e-06
0.432292  3.78816e-06
0.433333  3.84638e-06
0.434375  3.91402e-06
0.435417  3.97912e-06
0.436458  4.03019e-06
0.437500  4.05766e-06
0.438542  4.05507e-06
0.439583  4.01975e-06
0.440625  3.95316e-06
0.441667  3.86064e-06
0.442708  3.75071e-06
0.443750  3.63395e-06
0.444792  3.52169e-06
0.445833  3.42458e-06
0.446875  3.35131e-06
0.447917  3.30752e-06
0.448958  3.29519e-06
0.450000  3.31238e-06
0.451042  3.35358e-06
0.452083  3.41039e-06
0.453125  3.47262e-06
0.454167  3.52956e-06
0.455208  3.57131e-06
0.456250  3.59001e-06
0.457292  3.58076e-06
0.458333  3.54220e-06
0.459375  3.47666e-06
0.460417  3.38977e-06
0.461458  3.28979e-06
0.462500  3.18649e-06
0.463542  3.08999e-06
0.464583  3.00945e-06
0.465625  2.95197e-06
0.466667  2.92174e-06
0.467708  2.91956e-06
0.468750  2.94278e-06
0.469792  2.98563e-06
0.470833  3.04005e-06
0.471875  3.09664e-06
0.472917  3.14587e-06
0.473958  3.17926e-06
0.475000  3.19041e-06
0.476042  3.17576e-06
0.477083  3.13500e-06
0.478125  3.07110e-06
0.479167  2.98985e-06
0.480208  2.89914e-06
0.481250  2.80798e-06
0.482292  2.72531e-06
0.483333  2.65899e-06
0.484375  2.61474e-06
0.485417  2.59553e-06
0.486458  2.60121e-06
0.487500  2.62858e-06
0.488542  2.67181e-06
0.489583  2.72318e-06
0.490625  2.77411e-06
0.491667  2.81614e-06
0.492708  2.84207e-06
0.493750  2.84676e-06
0.494792  2.82779e-06
0.495833  2.78570e-06
0.496875  2.72390e-06
0.497917  2.64821e-06
0.498958  2.56615e-06
0.500000  2.48591e-06
