# 160201 2013 pa1 instant
# pivot_ell = 1400
# norm_ell = 0
# solid angle = 195.29 nsr
0.000000  1.00000e+00
0.001042  9.94184e-01
0.002083  9.76914e-01
0.003125  9.48721e-01
0.004167  9.10463e-01
0.005208  8.63287e-01
0.006250  8.08579e-01
0.007292  7.47902e-01
0.008333  6.82932e-01
0.009375  6.15390e-01
0.010417  5.46971e-01
0.011458  4.79279e-01
0.012500  4.13776e-01
0.013542  3.51729e-01
0.014583  2.94178e-01
0.015625  2.41912e-01
0.016667  1.95462e-01
0.017708  1.55102e-01
0.018750  1.20866e-01
0.019792  9.25746e-02
0.020833  6.98627e-02
0.021875  5.22236e-02
0.022917  3.90477e-02
0.023958  2.96639e-02
0.025000  2.33797e-02
0.026042  1.95164e-02
0.027083  1.74393e-02
0.028125  1.65808e-02
0.029167  1.64572e-02
0.030208  1.66770e-02
0.031250  1.69441e-02
0.032292  1.70538e-02
0.033333  1.68843e-02
0.034375  1.63850e-02
0.035417  1.55618e-02
0.036458  1.44620e-02
0.037500  1.31595e-02
0.038542  1.17407e-02
0.039583  1.02928e-02
0.040625  8.89478e-03
0.041667  7.61076e-03
0.042708  6.48624e-03
0.043750  5.54701e-03
0.044792  4.80004e-03
0.045833  4.23611e-03
0.046875  3.83351e-03
0.047917  3.56228e-03
0.048958  3.38851e-03
0.050000  3.27826e-03
0.051042  3.20074e-03
0.052083  3.13071e-03
0.053125  3.04979e-03
0.054167  2.94688e-03
0.055208  2.81778e-03
0.056250  2.66415e-03
0.057292  2.49199e-03
0.058333  2.31002e-03
0.059375  2.12799e-03
0.060417  1.95516e-03
0.061458  1.79923e-03
0.062500  1.66545e-03
0.063542  1.55636e-03
0.064583  1.47178e-03
0.065625  1.40915e-03
0.066667  1.36418e-03
0.067708  1.33154e-03
0.068750  1.30559e-03
0.069792  1.28112e-03
0.070833  1.25387e-03
0.071875  1.22088e-03
0.072917  1.18070e-03
0.073958  1.13327e-03
0.075000  1.07983e-03
0.076042  1.02247e-03
0.077083  9.63847e-04
0.078125  9.06694e-04
0.079167  8.53497e-04
0.080208  8.06183e-04
0.081250  7.65936e-04
0.082292  7.33120e-04
0.083333  7.07316e-04
0.084375  6.87449e-04
0.085417  6.71988e-04
0.086458  6.59175e-04
0.087500  6.47261e-04
0.088542  6.34718e-04
0.089583  6.20399e-04
0.090625  6.03633e-04
0.091667  5.84256e-04
0.092708  5.62568e-04
0.093750  5.39245e-04
0.094792  5.15209e-04
0.095833  4.91476e-04
0.096875  4.69016e-04
0.097917  4.48627e-04
0.098958  4.30842e-04
0.100000  4.15887e-04
0.101042  4.03670e-04
0.102083  3.93825e-04
0.103125  3.85778e-04
0.104167  3.78838e-04
0.105208  3.72292e-04
0.106250  3.65503e-04
0.107292  3.57976e-04
0.108333  3.49416e-04
0.109375  3.39738e-04
0.110417  3.29068e-04
0.111458  3.17697e-04
0.112500  3.06035e-04
0.113542  2.94538e-04
0.114583  2.83646e-04
0.115625  2.73722e-04
0.116667  2.65009e-04
0.117708  2.57602e-04
0.118750  2.51447e-04
0.119792  2.46356e-04
0.120833  2.42042e-04
0.121875  2.38162e-04
0.122917  2.34367e-04
0.123958  2.30346e-04
0.125000  2.25869e-04
0.126042  2.20807e-04
0.127083  2.15148e-04
0.128125  2.08986e-04
0.129167  2.02502e-04
0.130208  1.95937e-04
0.131250  1.89551e-04
0.132292  1.83585e-04
0.133333  1.78232e-04
0.134375  1.73610e-04
0.135417  1.69748e-04
0.136458  1.66585e-04
0.137500  1.63984e-04
0.138542  1.61751e-04
0.139583  1.59665e-04
0.140625  1.57507e-04
0.141667  1.55091e-04
0.142708  1.52287e-04
0.143750  1.49036e-04
0.144792  1.45355e-04
0.145833  1.41333e-04
0.146875  1.37116e-04
0.147917  1.32883e-04
0.148958  1.28823e-04
0.150000  1.25108e-04
0.151042  1.21870e-04
0.152083  1.19181e-04
0.153125  1.17050e-04
0.154167  1.15417e-04
0.155208  1.14167e-04
0.156250  1.13143e-04
0.157292  1.12171e-04
0.158333  1.11077e-04
0.159375  1.09718e-04
0.160417  1.07995e-04
0.161458  1.05864e-04
0.162500  1.03347e-04
0.163542  1.00520e-04
0.164583  9.75071e-05
0.165625  9.44620e-05
0.166667  9.15460e-05
0.167708  8.89078e-05
0.168750  8.66634e-05
0.169792  8.48815e-05
0.170833  8.35751e-05
0.171875  8.27002e-05
0.172917  8.21621e-05
0.173958  8.18285e-05
0.175000  8.15466e-05
0.176042  8.11632e-05
0.177083  8.05443e-05
0.178125  7.95920e-05
0.179167  7.82565e-05
0.180208  7.65418e-05
0.181250  7.45047e-05
0.182292  7.22463e-05
0.183333  6.98990e-05
0.184375  6.76087e-05
0.185417  6.55161e-05
0.186458  6.37388e-05
0.187500  6.23563e-05
0.188542  6.14002e-05
0.189583  6.08510e-05
0.190625  6.06404e-05
0.191667  6.06609e-05
0.192708  6.07796e-05
0.193750  6.08551e-05
0.194792  6.07556e-05
0.195833  6.03751e-05
0.196875  5.96467e-05
0.197917  5.85503e-05
0.198958  5.71149e-05
0.200000  5.54141e-05
0.201042  5.35566e-05
0.202083  5.16718e-05
0.203125  4.98936e-05
0.204167  4.83435e-05
0.205208  4.71150e-05
0.206250  4.62629e-05
0.207292  4.57960e-05
0.208333  4.56768e-05
0.209375  4.58267e-05
0.210417  4.61358e-05
0.211458  4.64774e-05
0.212500  4.67232e-05
0.213542  4.67600e-05
0.214583  4.65032e-05
0.215625  4.59072e-05
0.216667  4.49705e-05
0.217708  4.37354e-05
0.218750  4.22825e-05
0.219792  4.07202e-05
0.220833  3.91706e-05
0.221875  3.77548e-05
0.222917  3.65774e-05
0.223958  3.57136e-05
0.225000  3.52005e-05
0.226042  3.50327e-05
0.227083  3.51631e-05
0.228125  3.55095e-05
0.229167  3.59648e-05
0.230208  3.64105e-05
0.231250  3.67317e-05
0.232292  3.68306e-05
0.233333  3.66393e-05
0.234375  3.61271e-05
0.235417  3.53043e-05
0.236458  3.42204e-05
0.237500  3.29575e-05
0.238542  3.16202e-05
0.239583  3.03220e-05
0.240625  2.91716e-05
0.241667  2.82592e-05
0.242708  2.76460e-05
0.243750  2.73563e-05
0.244792  2.73754e-05
0.245833  2.76515e-05
0.246875  2.81024e-05
0.247917  2.86261e-05
0.248958  2.91130e-05
0.250000  2.94600e-05
0.251042  2.95830e-05
0.252083  2.94265e-05
0.253125  2.89708e-05
0.254167  2.82339e-05
0.255208  2.72685e-05
0.256250  2.61558e-05
0.257292  2.49949e-05
0.258333  2.38904e-05
0.259375  2.29399e-05
0.260417  2.22216e-05
0.261458  2.17853e-05
0.262500  2.16463e-05
0.263542  2.17836e-05
0.264583  2.21436e-05
0.265625  2.26461e-05
0.266667  2.31947e-05
0.267708  2.36889e-05
0.268750  2.40361e-05
0.269792  2.41632e-05
0.270833  2.40250e-05
0.271875  2.36099e-05
0.272917  2.29405e-05
0.273958  2.20710e-05
0.275000  2.10799e-05
0.276042  2.00604e-05
0.277083  1.91088e-05
0.278125  1.83125e-05
0.279167  1.77398e-05
0.280208  1.74314e-05
0.281250  1.73957e-05
0.282292  1.76081e-05
0.283333  1.80143e-05
0.284375  1.85372e-05
0.285417  1.90864e-05
0.286458  1.95697e-05
0.287500  1.99038e-05
0.288542  2.00249e-05
0.289583  1.98961e-05
0.290625  1.95117e-05
0.291667  1.88974e-05
0.292708  1.81072e-05
0.293750  1.72165e-05
0.294792  1.63126e-05
0.295833  1.54838e-05
0.296875  1.48090e-05
0.297917  1.43479e-05
0.298958  1.41337e-05
0.300000  1.41699e-05
0.301042  1.44293e-05
0.302083  1.48583e-05
0.303125  1.53832e-05
0.304167  1.59195e-05
0.305208  1.63824e-05
0.306250  1.66970e-05
0.307292  1.68074e-05
0.308333  1.66831e-05
0.309375  1.63229e-05
0.310417  1.57546e-05
0.311458  1.50314e-05
0.312500  1.42250e-05
0.313542  1.34170e-05
0.314583  1.26887e-05
0.315625  1.21112e-05
0.316667  1.17370e-05
0.317708  1.15935e-05
0.318750  1.16800e-05
0.319792  1.19681e-05
0.320833  1.24052e-05
0.321875  1.29213e-05
0.322917  1.34374e-05
0.323958  1.38755e-05
0.325000  1.41680e-05
0.326042  1.42655e-05
0.327083  1.41430e-05
0.328125  1.38029e-05
0.329167  1.32740e-05
0.330208  1.26081e-05
0.331250  1.18734e-05
0.332292  1.11461e-05
0.333333  1.05011e-05
0.334375  1.00028e-05
0.335417  9.69744e-06
0.336458  9.60755e-06
0.337500  9.72947e-06
0.338542  1.00340e-05
0.339583  1.04699e-05
0.340625  1.09710e-05
0.341667  1.14633e-05
0.342708  1.18750e-05
0.343750  1.21446e-05
0.344792  1.22288e-05
0.345833  1.21069e-05
0.346875  1.17839e-05
0.347917  1.12892e-05
0.348958  1.06730e-05
0.350000  9.99994e-06
0.351042  9.34136e-06
0.352083  8.76630e-06
0.353125  8.33325e-06
0.354167  8.08313e-06
0.355208  8.03444e-06
0.356250  8.18120e-06
0.357292  8.49382e-06
0.358333  8.92292e-06
0.359375  9.40546e-06
0.360417  9.87252e-06
0.361458  1.02577e-05
0.362500  1.05051e-05
0.363542  1.05762e-05
0.364583  1.04543e-05
0.365625  1.01462e-05
0.366667  9.68158e-06
0.367708  9.10888e-06
0.368750  8.48946e-06
0.369792  7.88998e-06
0.370833  7.37427e-06
0.371875  6.99563e-06
0.372917  6.79040e-06
0.373958  6.77369e-06
0.375000  6.93770e-06
0.376042  7.25284e-06
0.377083  7.67150e-06
0.378125  8.13392e-06
0.379167  8.57558e-06
0.380208  8.93502e-06
0.381250  9.16132e-06
0.382292  9.22018e-06
0.383333  9.09795e-06
0.384375  8.80315e-06
0.385417  8.36526e-06
0.386458  7.83101e-06
0.387500  7.25856e-06
0.388542  6.71034e-06
0.389583  6.24550e-06
0.390625  5.91271e-06
0.391667  5.74433e-06
0.392708  5.75262e-06
0.393750  5.92838e-06
0.394792  6.24226e-06
0.395833  6.64838e-06
0.396875  7.09010e-06
0.397917  7.50694e-06
0.398958  7.84192e-06
0.400000  8.04846e-06
0.401042  8.09598e-06
0.402083  7.97346e-06
0.403125  7.69066e-06
0.404167  7.27677e-06
0.405208  6.77675e-06
0.406250  6.24576e-06
0.407292  5.74237e-06
0.408333  5.32149e-06
0.409375  5.02768e-06
0.410417  4.88984e-06
0.411458  4.91781e-06
0.412500  5.10131e-06
0.413542  5.41134e-06
0.414583  5.80379e-06
0.415625  6.22492e-06
0.416667  6.61795e-06
0.417708  6.92994e-06
0.418750  7.11819e-06
0.419792  7.15536e-06
0.420833  7.03266e-06
0.421875  6.76082e-06
0.422917  6.36861e-06
0.423958  5.89925e-06
0.425000  5.40510e-06
0.426042  4.94120e-06
0.427083  4.55860e-06
0.428125  4.29821e-06
0.429167  4.18589e-06
0.430208  4.22943e-06
0.431250  4.41770e-06
0.432292  4.72217e-06
0.433333  5.10043e-06
0.434375  5.50148e-06
0.435417  5.87192e-06
0.436458  6.16246e-06
0.437500  6.33387e-06
0.438542  6.36166e-06
0.439583  6.23896e-06
0.440625  5.97721e-06
0.441667  5.60470e-06
0.442708  5.16298e-06
0.443750  4.70176e-06
0.444792  4.27284e-06
0.445833  3.92380e-06
0.446875  3.69228e-06
0.447917  3.60146e-06
0.448958  3.65735e-06
0.450000  3.84819e-06
0.451042  4.14599e-06
0.452083  4.50998e-06
0.453125  4.89169e-06
0.454167  5.24084e-06
0.455208  5.51147e-06
0.456250  5.66743e-06
0.457292  5.68677e-06
0.458333  5.56424e-06
0.459375  5.31185e-06
0.460417  4.95734e-06
0.461458  4.54064e-06
0.462500  4.10901e-06
0.463542  3.71127e-06
0.464583  3.39184e-06
0.465625  3.18542e-06
0.466667  3.11282e-06
0.467708  3.17854e-06
0.468750  3.37032e-06
0.469792  3.66074e-06
0.470833  4.01063e-06
0.471875  4.37388e-06
0.472917  4.70308e-06
0.473958  4.95525e-06
0.475000  5.09708e-06
0.476042  5.10881e-06
0.477083  4.98663e-06
0.478125  4.74298e-06
0.479167  4.40498e-06
0.480208  4.01103e-06
0.481250  3.60613e-06
0.482292  3.23632e-06
0.483333  2.94316e-06
0.484375  2.75870e-06
0.485417  2.70164e-06
0.486458  2.77518e-06
0.487500  2.96668e-06
0.488542  3.24933e-06
0.489583  3.58547e-06
0.490625  3.93118e-06
0.491667  4.24171e-06
0.492708  4.47683e-06
0.493750  4.60572e-06
0.494792  4.61063e-06
0.495833  4.48896e-06
0.496875  4.25348e-06
0.497917  3.93069e-06
0.498958  3.55754e-06
0.500000  3.17686e-06
